1894801452	2004523974	100310753	1073401445	1678439007	1064914174	1599761193	391774756	1797545797	508743252	1633870856	1748571984	2055736906	138692292	1550142677	238277769	2146782405	735027703	928119832	832800544	384260652	1271076161	846625	1609608488	180010133	768814977	623644614	1108846375	974183544	1519414818	563116735	297366289	435349902	1537301563	527122778	1060204105	106235533	2034907018	1499409637	826875811	1085980125	812327071	1167078326	558041616	1960688945	910020448	1603385494	1410696768	1448598198	1597755981	860132183	1406051790	1769037886	582374446	467001690	1379540068	1280614474	1019767419	2133826920	134361874	1560793718	476900329	659292193	832881074	1672361591	1537265274	939305088	1035284909	2008121791	1939541328	550931295	1443137547	697602928	927143898	1343466564	661157738	307261377	1513015065	1415290332	704281405	
1787878473	142854512	768079943	950220902	681641915	1433960452	369912075	943962230	237401515	195023337	1999539798	1679956740	619570714	1311190880	970566165	1864810785	2064927180	130863286	2007744949	1210974846	405727605	1641408107	2081548376	1732846177	1316623102	990024142	772509893	672238653	525815963	628139251	632154180	370103952	713303803	2138974888	1382037509	1330909439	1133665007	1289533318	1558859845	613078722	1363853379	170295687	1519254033	1692314810	113479647	1315324012	1954836816	1329079224	1444103578	723703263	1498998671	1903380067	816383687	
599330248	1364118724	1098092774	19089560	1551148849	301308002	1226813252	926127561	1535451864	1680046319	618084717	802906890	236338726	1845901309	1275697452	1931974660	229158749	2065427911	971430291	1244569679	2122831727	728735039	1129724995	2064812882	1508605053	78977116	1246845047	1083110512	440306745	920988684	330088610	667136892	908322188	421205199	1014444348	1141724286	1894919089	1519663832	1748518467	1910266068	1165991908	517158477	1098365604	781991609	305595276	990321547	1242967429	1557877140	864977693	234360671	1092644995	553927265	1679402862	1926898447	266755751	1545242717	126832831	445086001	1077819901	655001681	2017245350	633516360	1912443439	306087269	75398279	776117362	500216457	1380538835	66629489	57162104	800692402	1805121021	
983562468	597651982	1547348409	1073586611	1385122286	1383572215	871838764	225765568	189754753	112284764	2146737141	334957351	1024889840	984386024	1752289161	1464505149	1641037879	338018573	1545080216	313628287	893776984	1134499444	630854840	1729560608	1117332984	1727001712	1299258519	1799545759	1827633732	1782860159	849909077	1693374004	2085767928	586434232	1388949587	330518850	1994551577	62760134	1243066407	1021779332	295787173	1376220149	711852310	296338460	1261463116	804876586	1613830456	376572190	1309116299	525329622	2044928102	1704554089	113521455	1425344651	1208836456	2088615292	1850839856	1300821460	
1022466396	1590363042	253828158	931495694	1792350598	1696192069	1688747880	1947565703	802122701	1617911618	594017773	1251366281	356679273	1675380949	862248622	203417045	1857139413	895889455	525723597	1186348344	1559533396	1897695619	1629535334	1432386826	1689168288	1171115037	1944273818	2124188548	145039743	1948116669	1823724991	1962969905	1923858873	803142538	2002842523	1459297089	1946268695	1051551094	345605029	398680199	135752251	770704004	1527159212	212456553	181831889	1031653913	1157612455	790290033	2107955425	592029620	1084416164	2093233056	75186976	395681834	1211662086	1013841773	915001742	676216104	1022214850	1329124180	1946269994	625951276	369939317	454123296	750677466	242395172	855429794	72020571	1638316718	1198187021	1047681694	1500627570	750708152	1955162337	358187812	92667148	1107614061	1186107520	203583983	1374723808	625956671	601858803	960065283	2057508078	1065955795	78661003	462652374	
264343276	246162591	140026179	1122015400	1789538846	1710614585	1121209870	1302348067	356306634	1750101935	2113264926	323726319	90202752	2121750184	1187588838	114831429	898078536	1877721306	2070996340	1518059359	1046556086	678850130	2051758251	500431748	1406365481	633346076	554354172	708843793	1352378438	1317082069	61489623	369002059	772451088	1139359844	2001213975	129981445	460806401	1359034995	621724863	1769772406	1663055302	1927665678	1433752946	579407984	1750401232	266267962	71334956	770135653	1289836585	1383225405	298650539	320416674	835805859	1085560243	239929110	2092492865	298418584	255204667	666908833	1632475189	1632242595	1511245058	865161245	1877664518	1935150850	
551585906	860732741	388242252	2086648656	1487197818	591847364	2103972838	1399031678	753704708	627312668	844434108	1622470591	2024207709	1256784091	1527390618	893623562	1971216590	1799975439	1806529902	1986418815	359541779	259291496	895487931	1985996923	1507539508	2070088256	2036719919	2005611363	840525288	8001048	553305109	1020243360	1600546623	611417300	1332577734	1562315971	881017451	227591296	1043987031	1725776913	1127562539	238197441	821761326	993249410	706174364	379591574	1361972330	678501819	960852063	1165288085	1742701349	766880064	210343616	1138549495	897301158	2035208160	97869206	337446798	370855400	507599161	1122982467	1979161515	851571494	748952475	1029591577	94206586	909297128	1267462461	1002104811	1056769989	1442945553	711586806	397464267	
2127287668	450691494	471374824	1953018576	344412684	1662486575	1655891217	1017179478	2114177273	1545247193	556676764	183073015	483869572	908544473	1094735396	1631406136	1628346134	1223118925	1874601069	
1511712113	602797614	44893077	1861334640	2090150076	659704438	782288327	408915422	1318110307	
2137596682	848056835	1247158408	412697914	1757263745	5763783	159271802	327068294	122128959	1452286599	814261214	1014799435	1388255844	785559471	488868747	1665199171	233174782	751477836	125903237	1906660032	826596170	727264907	422642747	613850104	1639405352	677073147	1914182454	463280860	1005452105	719149680	775907934	652699220	1513099530	145565428	1028844499	1993891185	2043008909	1029449608	1053389244	1329165086	160713458	1440887367	466522378	592593680	865300845	1228020555	1109889985	122056022	518533867	1865487351	829190874	775600915	
846625	848056835	1247158408	412697914	1757263745	5763783	159271802	327068294	122128959	1452286599	814261214	1014799435	1388255844	785559471	488868747	1665199171	233174782	751477836	125903237	1906660032	826596170	727264907	422642747	613850104	1639405352	677073147	1914182454	463280860	1005452105	719149680	775907934	652699220	1513099530	145565428	1028844499	1993891185	2043008909	1029449608	1053389244	1329165086	160713458	1440887367	466522378	592593680	865300845	1228020555	1109889985	122056022	518533867	1865487351	829190874	775600915	
